At time 1700150561.983549051
- Translation: [0.000, 0.000, 0.000]
- Rotation: in Quaternion [0.000, 0.000, 0.271, 0.962]
- Rotation: in RPY (radian) [0.000, -0.000, 0.550]
- Rotation: in RPY (degree) [0.000, -0.000, 31.484]
- Matrix:
  0.853 -0.522  0.000  0.000
  0.522  0.853  0.000  0.000
  0.000  0.000  1.000  0.000
  0.000  0.000  0.000  1.000
At time 1700150562.975516620
- Translation: [0.000, 0.000, 0.000]
- Rotation: in Quaternion [0.000, 0.000, 0.271, 0.962]
- Rotation: in RPY (radian) [0.000, -0.000, 0.550]
- Rotation: in RPY (degree) [0.000, -0.000, 31.484]
- Matrix:
  0.853 -0.522  0.000  0.000
  0.522  0.853  0.000  0.000
  0.000  0.000  1.000  0.000
  0.000  0.000  0.000  1.000
At time 1700150563.983335720
- Translation: [0.000, 0.000, 0.000]
- Rotation: in Quaternion [0.000, 0.000, 0.271, 0.962]
- Rotation: in RPY (radian) [0.000, -0.000, 0.550]
- Rotation: in RPY (degree) [0.000, -0.000, 31.484]
- Matrix:
  0.853 -0.522  0.000  0.000
  0.522  0.853  0.000  0.000
  0.000  0.000  1.000  0.000
  0.000  0.000  0.000  1.000
At time 1700150564.975446471
- Translation: [0.679, 0.457, 0.000]
- Rotation: in Quaternion [0.000, 0.000, 0.112, 0.994]
- Rotation: in RPY (radian) [0.000, -0.000, 0.224]
- Rotation: in RPY (degree) [0.000, -0.000, 12.849]
- Matrix:
  0.975 -0.222  0.000  0.679
  0.222  0.975  0.000  0.457
  0.000  0.000  1.000  0.000
  0.000  0.000  0.000  1.000
At time 1700150565.983257882
- Translation: [0.783, 0.325, 0.000]
- Rotation: in Quaternion [0.000, 0.000, 0.404, 0.915]
- Rotation: in RPY (radian) [0.000, -0.000, 0.831]
- Rotation: in RPY (degree) [0.000, -0.000, 47.633]
- Matrix:
  0.674 -0.739  0.000  0.783
  0.739  0.674  0.000  0.325
  0.000  0.000  1.000  0.000
  0.000  0.000  0.000  1.000
At time 1700150566.975462807
- Translation: [0.625, 0.689, 0.000]
- Rotation: in Quaternion [0.000, 0.000, 0.594, 0.804]
- Rotation: in RPY (radian) [0.000, -0.000, 1.273]
- Rotation: in RPY (degree) [0.000, -0.000, 72.914]
- Matrix:
  0.294 -0.956  0.000  0.625
  0.956  0.294  0.000  0.689
  0.000  0.000  1.000  0.000
  0.000  0.000  0.000  1.000
At time 1700150567.983582441
- Translation: [1.146, 1.577, 0.000]
- Rotation: in Quaternion [0.000, 0.000, 0.547, 0.837]
- Rotation: in RPY (radian) [0.000, -0.000, 1.157]
- Rotation: in RPY (degree) [0.000, -0.000, 66.267]
- Matrix:
  0.402 -0.915  0.000  1.146
  0.915  0.402  0.000  1.577
  0.000  0.000  1.000  0.000
  0.000  0.000  0.000  1.000
At time 1700150568.975427108
- Translation: [1.671, 0.791, 0.000]
- Rotation: in Quaternion [0.000, 0.000, 0.182, 0.983]
- Rotation: in RPY (radian) [0.000, -0.000, 0.366]
- Rotation: in RPY (degree) [0.000, -0.000, 20.977]
- Matrix:
  0.934 -0.358  0.000  1.671
  0.358  0.934  0.000  0.791
  0.000  0.000  1.000  0.000
  0.000  0.000  0.000  1.000
At time 1700150569.983516851
- Translation: [0.957, 0.183, 0.000]
- Rotation: in Quaternion [0.000, 0.000, -0.037, 0.999]
- Rotation: in RPY (radian) [0.000, 0.000, -0.074]
- Rotation: in RPY (degree) [0.000, 0.000, -4.256]
- Matrix:
  0.997  0.074  0.000  0.957
 -0.074  0.997 -0.000  0.183
 -0.000  0.000  1.000  0.000
  0.000  0.000  0.000  1.000
At time 1700150570.975398562
- Translation: [0.490, 0.044, 0.000]
- Rotation: in Quaternion [0.000, 0.000, -0.131, 0.991]
- Rotation: in RPY (radian) [0.000, 0.000, -0.263]
- Rotation: in RPY (degree) [0.000, 0.000, -15.057]
- Matrix:
  0.966  0.260  0.000  0.490
 -0.260  0.966 -0.000  0.044
 -0.000  0.000  1.000  0.000
  0.000  0.000  0.000  1.000
